1493803581252715 0
1493803581926547 0
1493803582600721 0
1493803583274551 0
1493803583948722 0
1493803584622563 0
1493803585296291 0
1493803585971064 0
1493803586647131 2
1493803587328435 2
1493803588006038 3
1493803588688359 5
1493803589375754 5
1493803590057500 5
1493803590739859 6
1493803591412312 6
1493803592086439 6
1493803592760328 6
1493803593437829 7
1493803594118569 7
1493803594792320 8
1493803595466473 8
1493803596140300 11
1493803596814558 12
1493803597488351 13
1493803598162090 13
1493803598836725 15
1493803599510671 16
1493803600194200 16
1493803600868054 17
1493803601542188 18
1493803602215988 18
1493803602889844 20
1493803603564028 20
1493803604237823 20
1493803604922163 21
1493803605612079 21
1493803606311073 22
1493803606984479 22
1493803607658178 22
1493803608331943 23
1493803609005953 23
1493803609679940 23
1493803610353809 25
1493803611027934 25
1493803611705085 25
1493803612386254 25
1493803613063191 25
1493803613743727 25
1493803614431973 25
1493803615101950 25
1493803615785723 23
1493803616459841 23
1493803617133660 23
1493803617807832 23
1493803618481660 22
1493803619155828 22
1493803619842823 22
1493803620513716 22
1493803621187558 22
1493803621861728 21
1493803622535579 21
1493803623209342 21
1493803623887074 21
1493803624567551 21
1493803625243184 21
1493803625915660 21
1493803626589432 21
1493803627264223 21
1493803627937348 21
1493803628611221 21
1493803629285333 21
1493803629962781 21
1493803630643330 21
1493803631317046 22
1493803631991313 22
1493803632665091 21
1493803633339222 21
1493803634013087 21
1493803634686850 21
1493803635361061 21
1493803636035024 21
1493803636712278 21
1493803637393811 21
1493803638066937 21
1493803638741701 21
1493803639414959 20
1493803640088712 20
1493803640762596 20
1493803641436735 20
1493803642122730 20
1493803642804878 20
1493803643483454 20
1493803644162734 20
1493803644844400 20
1493803645520663 20
1493803646194905 20
1493803646871165 20
1493803647544284 20
1493803648233973 20
1493803648919586 20
1493803649594699 20
1493803650268835 20
1493803650951431 20
1493803651626722 20
1493803652310814 20
1493803652989753 20
1493803653668649 20
1493803654342486 20
1493803655016654 20
1493803655690474 20
1493803656364696 20
1493803657050023 20
1493803657722577 20
1493803658396353 20
1493803659070560 20
1493803659744354 20
1493803660418587 20
1493803661092358 20
1493803661766487 20
1493803662440325 20
1493803663114195 20
1493803663791388 20
1493803664479655 20
1493803665165964 20
1493803665852646 20
1493803666534468 20
1493803667218564 20
1493803667902678 20
1493803668589975 20
1493803669271392 20
1493803669963211 20
1493803670638566 20
1493803671317771 20
1493803671996399 20
1493803672676439 20
1493803673347334 20
1493803674031546 20
1493803674712654 20
1493803675387797 20
1493803676060485 20
1493803676734318 20
1493803677415070 20
1493803678093099 20
1493803678766519 20
1493803679440578 20
1493803680114981 20
1493803680798463 18
1493803681474249 18
1493803682150103 18
1493803682830151 18
1493803683519207 17
1493803684199436 17
1493803684872113 17
1493803685556599 17
1493803686230375 17
1493803686909260 17
1493803687597718 17
1493803688273255 16
1493803688950529 16
1493803689631481 16
1493803690304358 17
1493803690978191 17
1493803691651991 17
1493803692334856 18
1493803693011073 18
1493803693684093 18
1493803694366972 18
1493803695041974 18
1493803695718172 18
1493803696399089 18
1493803697077336 20
1493803697751643 20
1493803698432059 20
1493803699106712 20
1493803699779860 20
1493803700454093 21
1493803701127899 21
1493803701801722 21
1493803702475870 21
1493803703159949 20
1493803703833749 20
1493803704507956 20
1493803705181720 20
1493803705855975 20
1493803706530056 20
1493803707209466 18
1493803707887807 18
1493803708567825 17
1493803709246658 17
1493803709919687 16
1493803710593492 16
1493803711269589 16
1493803711951733 16
1493803712652137 16
1493803713329832 16
1493803714017641 16
1493803714697865 16
1493803715371724 15
1493803716048467 15
1493803716729716 15
1493803717403818 16
1493803718077605 16
1493803718751829 15
1493803719432800 15
1493803720111060 15
1493803720793741 13
1493803721471061 13
1493803722152657 13
1493803722825455 13
1493803723499708 13
1493803724174112 13
1493803724847700 12
1493803725521443 12
1493803726195583 11
1493803726869441 10
1493803727543308 10
1493803728218355 10
1493803728891825 10
1493803729565372 10
1493803730239229 11
1493803730913116 12
1493803731588495 13
1493803732271245 15
1493803732945079 15
1493803733619250 16
1493803734293730 16
1493803734966952 16
1493803735641107 15
1493803736315255 13
1493803736989140 12
1493803737662894 12
1493803738337076 11
1493803739014417 10
1493803739694964 10
1493803740379003 8
1493803741055093 7
1493803741737476 6
1493803742412816 5
1493803743084869 2
1493803743758751 1
1493803744435065 0
1493803745117053 0
1493803745790751 0
1493803746464584 0
1493803747138751 0
1493803747812714 0
1493803748486743 0
1493803749161030 0
1493803749834374 0
1493803750518487 0
1493803751192691 0
1493803751866491 0
1493803752540712 0
1493803753214481 0
1493803753888627 0
1493803754562453 0
1493803755236243 0
1493803755910445 0
1493803756595048 0
1493803757278248 0
1493803757952472 0
1493803758628071 0
1493803759300360 0
1493803759974205 0
1493803760650254 0
1493803761341355 0
1493803762016143 0
1493803762690369 0
1493803763364133 0
1493803764039063 0
1493803764725107 0
1493803765396214 0
1493803766070090 0
1493803766744233 0
1493803767418015 0
1493803768091835 0
1493803768766071 0
1493803769441138 0
1493803770123906 0
1493803770798489 0
1493803771473555 0
1493803772146086 0
1493803772819878 0
1493803773493757 0
1493803774171301 0
1493803774853619 0
1493803775525759 0
1493803776199703 0
1493803776873743 0
1493803777547615 0
1493803778222290 0
1493803778906579 0
1493803779595144 0
1493803780263675 0
1493803780939386 0
1493803781611715 0
1493803782285508 0
1493803782959715 0
1493803783633509 0
1493803784307716 0
1493803784981454 0
1493803785655377 0
1493803786329462 0
1493803787029868 0
1493803787707504 0
1493803788381358 0
1493803789057901 0
1493803789729403 0
1493803790404138 0
1493803791077591 0
1493803791751239 0
1493803792425334 0
1493803793099113 0
1493803793773255 0
1493803794450233 0
1493803795121257 0
1493803795795359 0
1493803796489990 0
1493803797163235 0
1493803797837114 0
1493803798512147 0
1493803799189222 0
1493803799859291 0
1493803800539076 0
1493803801217087 0
1493803801890969 0
1493803802568271 0
1493803803238958 0
1493803803912761 0
1493803804586891 0
1493803805260743 0
1493803805935495 0
1493803806608753 0
1493803807283877 0
1493803807966594 0
1493803808640745 0
1493803809314990 0
1493803809988740 0
1493803810672464 0
1493803811346726 0
1493803812020470 0
1493803812698930 0
1493803813371094 0
1493803814055473 0
1493803814738404 0
1493803815424119 0
1493803816104722 0
1493803816778622 0
1493803817453125 0
1493803818126623 0
1493803818800749 0
1493803819479851 0
1493803820158801 0
1493803820832472 0
1493803821506590 1
1493803822183006 2
1493803822864492 3
1493803823538910 5
1493803824212472 6
1493803824896628 7
1493803825583062 7
1493803826266911 7
1493803826939064 6
1493803827612338 6
1493803828286477 6
1493803828961733 7
1493803829634467 7
1493803830308329 8
1493803830982151 11
1493803831656264 11
1493803832340351 11
1493803833014217 11
1493803833688012 12
1493803834362185 13
1493803835037024 15
1493803835710137 16
1493803836383992 17
1493803837060495 18
1493803837731989 20
1493803838405830 21
1493803839079969 22
1493803839753764 22
1493803840428739 23
1493803841101763 23
1493803841775976 23
1493803842450329 23
1493803843123722 25
1493803843797772 25
1493803844482601 26
1493803845155708 26
1493803845829859 26
1493803846503736 27
1493803847177473 27
1493803847851797 27
1493803848525513 27
1493803849199639 27
1493803849873467 27
1493803850547719 27
1493803851221506 27
1493803851895324 27
1493803852581541 27
1493803853260834 27
1493803853937798 27
1493803854621266 27
1493803855295484 27
1493803855986532 27
1493803856663587 27
1493803857337405 27
1493803858012833 27
1493803858685380 27
1493803859359270 27
1493803860040727 27
1493803860717925 27
1493803861391278 27
1493803862067064 27
1493803862739271 27
1493803863413126 28
1493803864087253 28
1493803864761128 28
1493803865435272 28
1493803866109136 27
1493803866782895 27
1493803867457108 27
1493803868131235 27
1493803868819955 26
1493803869491670 26
1493803870173144 26
1493803870847839 26
1493803871531358 26
1493803872206375 26
1493803872889156 26
1493803873562774 25
1493803874236983 25
1493803874916499 25
1493803875594860 25
1493803876270636 25
1493803876960154 25
1493803877637149 25
1493803878311362 25
1493803878991315 25
1493803879668852 25
1493803880342726 25
1493803881018209 25
1493803881701628 25
1493803882375128 25
1493803883058783 25
1493803883733009 25
1493803884406766 25
1493803885080598 23
1493803885754783 23
1493803886428844 23
1493803887112730 23
1493803887786858 23
1493803888460696 23
1493803889136604 23
1493803889823317 23
1493803890517791 23
1493803891196948 23
1493803891870737 23
1493803892552301 23
1493803893228614 22
1493803893902857 22
1493803894576736 22
1493803895256663 22
1493803895925340 22
1493803896598495 22
1493803897273205 22
1493803897946400 22
1493803898620623 21
1493803899294647 21
1493803899968634 21
1493803900642404 21
1493803901316618 21
1493803901990425 21
1493803902667068 20
1493803903339068 20
1493803904012247 20
1493803904686360 20
1493803905360233 20
1493803906034382 20
1493803906708241 20
1493803907383111 20
1493803908059150 20
1493803908743110 20
1493803909424026 20
1493803910104964 20
1493803910782217 20
1493803911456364 21
1493803912130430 21
1493803912804045 21
1493803913478476 21
1493803914151997 21
1493803914825869 21
1493803915500037 21
1493803916174144 21
1493803916848007 21
1493803917521886 21
1493803918196031 21
1493803918879728 21
1493803919554320 21
1493803920238373 21
1493803920911772 20
1493803921585608 20
1493803922262297 20
1493803922937599 20
1493803923617749 20
1493803924300753 20
1493803924975600 20
1493803925660202 20
1493803926343742 20
1493803927017904 20
1493803927691733 20
1493803928365494 20
1493803929039747 20
1493803929713493 20
1493803930397626 20
1493803931081753 20
1493803931755808 20
1493803932429618 20
1493803933103786 20
1493803933777649 20
1493803934451771 21
1493803935125641 21
1493803935799414 21
1493803936473249 21
1493803937147390 21
1493803937821313 21
1493803938505287 21
1493803939179518 21
1493803939854753 21
1493803940527410 21
1493803941203172 21
1493803941875141 22
1493803942549239 22
1493803943225516 22
1493803943907635 22
1493803944581372 22
1493803945255144 22
1493803945930254 22
1493803946603132 22
1493803947299198 22
1493803947974354 22
1493803948654991 22
1493803949359249 22
1493803950033370 22
1493803950707274 22
1493803951382503 22
1493803952055166 22
1493803952729389 22
1493803953403236 22
1493803954077004 22
1493803954751154 22
1493803955431822 22
1493803956109037 23
1493803956783271 23
1493803957460171 23
1493803958130936 23
1493803958804990 23
1493803959478904 23
1493803960153413 23
1493803960828113 23
1493803961502862 23
1493803962183284 23
1493803962858912 22
1493803963532752 22
1493803964206903 22
1493803964880743 22
1493803965554887 22
1493803966228773 22
1493803966904634 22
1493803967576777 22
1493803968250521 22
1493803968924756 22
1493803969598507 22
1493803970272473 22
1493803970946528 22
1493803971620381 22
1493803972294503 22
1493803972972889 22
1493803973662263 21
1493803974336421 21
1493803975010249 21
1493803975685385 21
1493803976358251 21
1493803977032429 21
1493803977706254 21
1493803978380413 21
1493803979054251 21
1493803979728039 22
1493803980403075 22
1493803981086306 22
1493803981760123 22
1493803982435089 22
1493803983108130 22
1493803983781916 22
1493803984456121 22
1493803985130265 22
1493803985804143 22
1493803986487087 22
1493803987162026 22
1493803987835798 22
1493803988510001 22
1493803989183888 22
1493803989861347 22
1493803990545447 22
1493803991215903 21
1493803991891383 21
1493803992563910 21
1493803993237761 20
1493803993911882 20
1493803994589834 20
1493803995269760 20
1493803995943737 20
1493803996617737 20
1493803997291548 18
1493803997966184 18
1493803998639546 18
1493803999313744 18
1493803999987507 18
1493804000661734 18
1493804001335514 18
1493804002009386 18
1493804002684443 18
1493804003357624 18
1493804004031487 18
1493804004705386 18
1493804005380677 18
1493804006053454 18
1493804006727136 17
1493804007403353 17
1493804008075137 17
1493804008749296 17
1493804009423161 16
1493804010107332 15
1493804010781011 13
1493804011455174 13
1493804012129032 12
1493804012803340 12
1493804013477230 11
1493804014150883 11
1493804014827071 8
1493804015509050 7
1493804016182908 5
1493804016858321 3
1493804017530886 2
1493804018204760 0
1493804018878951 0
1493804019562924 0
1493804020238291 0
1493804020920892 0
1493804021595694 0
1493804022286387 0
1493804022962873 0
1493804023636938 0
1493804024315988 0
1493804024994907 0
1493804025669192 0
1493804026342907 0
1493804027016750 0
1493804027690804 0
1493804028364782 0
1493804029048747 0
1493804029749654 0
1493804030437027 0
1493804031110791 0
1493804031785013 0
1493804032471362 0
1493804033142890 0
1493804033816783 0
1493804034491278 0
1493804035168996 0
1493804035848764 0
1493804036522879 0
1493804037196744 0
1493804037870656 0
1493804038547082 0
1493804039229306 0
1493804039904754 0
1493804040586772 0
1493804041260558 0
1493804041948461 0
1493804042631204 0
1493804043312770 0
1493804043988788 0
1493804044661144 0
1493804045334886 0
1493804046017491 0
1493804046692810 0
1493804047366644 0
1493804048040761 0
1493804048716263 0
1493804049389864 0
1493804050062642 0
1493804050737888 0
1493804051410561 0
1493804052084400 0
1493804052758523 0
1493804053433053 0
1493804054106528 0
1493804054780416 0
1493804055454204 0
1493804056128423 0
1493804056802145 0
1493804057476019 0
1493804058151566 0
1493804058834268 0
1493804059510878 0
1493804060185026 0
1493804060856901 0
1493804061530261 0
1493804062204046 0
1493804062880822 0
1493804063566270 0
1493804064236415 0
1493804064910295 0
1493804065584091 0
1493804066257890 0
1493804066931751 0
1493804067605887 1
1493804068281272 2
1493804068964721 3
1493804069637931 5
1493804070311792 6
1493804070987929 7
1493804071659934 7
1493804072333945 7
1493804073007814 7
1493804073682168 7
1493804074357923 6
1493804075029649 6
1493804075704150 6
1493804076377638 5
1493804077051427 5
1493804077725555 6
1493804078399392 6
1493804079073559 6
1493804079747397 7
1493804080421610 8
1493804081095399 7
1493804081771074 7
1493804082448207 7
1493804083127395 8
1493804083801272 10
1493804084475425 10
1493804085149273 10
1493804085825549 11
1493804086507145 11
1493804087181525 12
1493804087858075 12
1493804088530733 13
1493804089203943 15
1493804089876948 15
1493804090551170 16
1493804091224938 17
1493804091899063 18
1493804092573670 18
1493804093248066 18
1493804093927313 18
1493804094609218 20
1493804095289062 20
1493804095962909 20
1493804096637047 21
1493804097310924 21
1493804097985032 21
1493804098668074 22
1493804099342899 22
1493804100017837 22
1493804100690900 22
1493804101375615 22
1493804102066542 22
1493804102743152 22
1493804103416949 22
1493804104101041 22
1493804104786055 23
1493804105468815 23
1493804106155066 23
1493804106827322 23
1493804107500901 23
1493804108175022 22
1493804108855177 22
1493804109532924 22
1493804110206765 21
1493804110882360 21
1493804111554783 20
1493804112230014 20
1493804112903126 20
1493804113577218 20
1493804114250781 20
1493804114924529 20
1493804115598766 20
1493804116272554 20
1493804116946786 20
1493804117620762 20
1493804118294676 20
1493804118968551 20
1493804119642785 20
1493804120316808 20
1493804120992486 20
1493804121664985 20
1493804122348536 20
1493804123022418 20
1493804123703718 20
1493804124384705 20
1493804125064303 20
1493804125738539 20
1493804126413301 21
1493804127086450 21
1493804127760321 21
1493804128442717 21
1493804129118212 21
1493804129798726 22
1493804130476929 22
1493804131150278 22
1493804131824438 22
1493804132498271 22
1493804133172441 22
1493804133846308 23
1493804134530309 23
1493804135204247 23
1493804135885785 22
1493804136552143 23
1493804137227349 23
1493804137901799 23
1493804138584316 22
1493804139258037 22
1493804139932181 21
1493804140606034 21
1493804141280150 21
1493804141963029 20
1493804142643243 20
1493804143322181 20
1493804143995937 18
1493804144679059 18
1493804145365701 18
1493804146038270 18
1493804146712065 18
1493804147388669 18
1493804148070041 18
1493804148744227 20
1493804149420365 20
1493804150102057 20
1493804150775811 21
1493804151453528 21
1493804152134076 21
1493804152807938 22
1493804153482078 22
1493804154155905 22
1493804154829773 23
1493804155503898 23
1493804156177786 23
1493804156851908 23
1493804157535930 23
1493804158209767 23
1493804158897450 23
1493804159577905 23
1493804160253118 23
1493804160939981 25
1493804161619900 25
1493804162294193 25
1493804162967940 23
1493804163641664 23
1493804164315826 23
1493804164989773 23
1493804165663822 23
1493804166337808 23
1493804167011530 23
1493804167685663 23
1493804168359458 23
1493804169033658 23
1493804169715320 23
1493804170381767 23
1493804171056303 25
1493804171729687 25
1493804172422094 25
1493804173097458 23
1493804173778209 23
1493804174463158 23
1493804175139744 23
1493804175815898 23
1493804176499018 23
1493804177183158 23
1493804177869620 23
1493804178549946 23
1493804179223598 23
1493804179897423 23
1493804180582335 23
1493804181259059 23
1493804181940913 23
1493804182613564 23
1493804183288385 23
1493804183961546 23
1493804184645965 23
1493804185337651 23
1493804186013760 25
1493804186692467 25
1493804187372135 25
1493804188058877 25
1493804188739771 25
1493804189414967 25
1493804190087786 25
1493804190761585 25
1493804191436415 23
1493804192109550 23
1493804192783424 23
1493804193457545 23
1493804194132292 23
1493804194815457 23
1493804195489324 23
1493804196163413 22
1493804196837337 22
1493804197511418 22
1493804198185298 22
1493804198859441 22
1493804199533595 21
1493804200215064 21
1493804200891193 21
1493804201565292 21
1493804202239162 21
1493804202913328 20
1493804203587082 20
1493804204264332 20
1493804204945032 20
1493804205619177 20
1493804206295295 20
1493804206977095 20
1493804207651223 20
1493804208325036 18
1493804208999214 18
1493804209673038 18
1493804210347210 18
1493804211036823 18
1493804211715407 18
1493804212389167 18
1493804213062959 18
1493804213739135 18
1493804214420311 18
1493804215095048 18
1493804215768909 18
1493804216451622 18
1493804217127161 18
1493804217800971 18
1493804218474784 18
1493804219148927 17
1493804219822789 17
1493804220496915 17
1493804221177651 17
1493804221854844 17
1493804222528963 17
1493804223202834 17
1493804223876689 17
1493804224550820 17
1493804225224593 17
1493804225914443 17
1493804226613855 17
1493804227286802 17
1493804227960915 17
1493804228646653 17
1493804229331075 17
1493804230013227 17
1493804230687696 18
1493804231361377 18
1493804232034932 18
1493804232708760 18
1493804233382957 18
1493804234064420 18
1493804234733800 18
1493804235407849 18
1493804236078568 18
1493804236752674 18
1493804237426554 18
1493804238100669 18
1493804238774546 18
1493804239448840 20
1493804240123985 20
1493804240806573 20
1493804241480815 20
1493804242154568 20
1493804242828429 20
1493804243502555 20
1493804244186594 20
1493804244860639 20
1493804245534303 20
1493804246208459 20
1493804246885104 20
1493804247559646 20
1493804248232197 20
1493804248908489 18
1493804249593009 18
1493804250272556 17
1493804250946787 16
1493804251620169 16
1493804252294357 15
1493804252968184 13
1493804253642081 12
1493804254316195 12
1493804254989968 11
1493804255684095 10
1493804256358099 10
1493804257037053 10
1493804257716557 11
1493804258390851 11
1493804259064082 11
1493804259738226 11
1493804260411976 10
1493804261086876 7
1493804261770291 5
1493804262445434 5
1493804263118245 3
1493804263795074 3
1493804264480285 2
1493804265161229 2
1493804265834858 2
1493804266507837 1
1493804267182045 1
1493804267855840 1
1493804268529997 0
1493804269203840 0
1493804269877975 1
1493804270551843 2
1493804271225970 3
1493804271899853 3
1493804272573954 3
1493804273248692 3
1493804273925971 2
1493804274605729 1
1493804275289811 1
1493804275963926 0
1493804276637795 0
1493804277311935 0
1493804277985813 0
1493804278659603 1
1493804279333777 2
1493804280007516 3
1493804280683909 6
1493804281377866 7
1493804282049901 8
1493804282723710 10
1493804283398510 11
1493804284087755 12
1493804284768656 13
1493804285439434 13
1493804286113617 13
1493804286787435 15
1493804287461606 15
1493804288135463 15
1493804288809602 15
1493804289483442 15
1493804290159102 13
1493804290835072 13
1493804291505560 12
1493804292179456 12
1493804292853228 11
1493804293527439 11
1493804294201228 11
1493804294875470 10
1493804295549187 8
1493804296223100 7
1493804296897212 6
1493804297571099 5
1493804298245179 5
1493804298927350 3
1493804299603070 3
1493804300278218 2
1493804300951083 1
1493804301624982 0
1493804302300359 0
1493804302972939 0
1493804303647079 0
1493804304320940 0
1493804304995934 0
1493804305668956 0
1493804306343088 0
1493804307016858 0
1493804307690690 0
1493804308364839 0
1493804309038703 0
1493804309713740 0
1493804310386821 0
1493804311062097 0
1493804311744651 0
1493804312418806 0
1493804313092569 0
1493804313766801 0
1493804314440972 0
1493804315116080 0
1493804315788595 0
1493804316462780 0
1493804317136591 0
1493804317810340 0
1493804318484978 0
1493804319168577 0
1493804319842478 0
1493804320516562 0
1493804321190515 0
1493804321864233 0
1493804322538442 0
1493804323212203 0
1493804323886357 0
1493804324560211 0
1493804325234067 0
1493804325909311 0
1493804326583094 0
1493804327266092 0
1493804327940217 0
1493804328624320 0
1493804329300017 0
1493804329971988 0
1493804330646106 0
1493804331319973 0
1493804331994111 0
1493804332667957 0
1493804333342115 0
1493804334016625 0
1493804334694398 0
1493804335374220 0
1493804336047984 0
1493804336721865 0
1493804337395991 0
1493804338069864 0
1493804338743987 0
1493804339418413 0
1493804340102099 0
1493804340775766 0
1493804341449854 0
1493804342123781 0
1493804342797846 0
1493804343471699 0
1493804344145860 0
1493804344819798 0
1493804345493583 0
1493804346169696 0
1493804346849628 0
1493804347525557 0
1493804348199703 0
1493804348877063 0
1493804349551267 0
1493804350231472 0
1493804350919063 0
1493804351599627 0
1493804352273816 0
1493804352947627 0
1493804353621386 0
1493804354299081 0
1493804354979986 0
1493804355663763 0
1493804356343902 0
1493804357021871 0
1493804357695845 0
1493804358374775 0
1493804359056847 0
1493804359737817 0
1493804360411486 0
1493804361085695 0
1493804361759487 0
1493804362433954 0
1493804363107547 0
1493804363781327 0
1493804364455830 0
1493804365129331 0
1493804365813469 0
1493804366492273 0
1493804367161372 0
1493804367856865 0
1493804368530866 0
1493804369213610 0
1493804369887369 0
1493804370575058 0
1493804371255593 0
1493804371929712 0
1493804372606423 0
1493804373287594 0
1493804373961414 0
1493804374635582 0
1493804375309370 1
1493804375983192 3
1493804376657474 6
1493804377331198 8
1493804378005726 11
1493804378691624 13
1493804379373039 16
1493804380053411 17
1493804380738200 20
1493804381416138 21
1493804382093102 21
1493804382775733 20
1493804383451076 18
1493804384131576 16
1493804384807058 15
1493804385481475 13
1493804386156640 12
1493804386837482 11
1493804387511332 10
1493804388185487 8
1493804388859334 6
1493804389533118 5
1493804390209171 2
1493804390881114 0
1493804391555337 0
1493804392229070 0
1493804392911060 0
1493804393587372 0
1493804394271086 0
1493804394958993 0
1493804395639199 0
1493804396313317 0
1493804396987239 0
1493804397661339 0
1493804398337153 0
1493804399010372 0
1493804399713347 0
1493804400397339 0
1493804401071756 0
1493804401761662 0
1493804402440051 0
1493804403116147 0
1493804403787251 0
1493804404461396 0
1493804405135216 0
1493804405811077 0
1493804406492394 0
1493804407167244 0
1493804407841451 0
1493804408522500 0
1493804409199381 0
1493804409884094 0
1493804410557203 0
1493804411232142 0
1493804411905210 0
1493804412579004 0
1493804413253212 0
1493804413926998 0
1493804414601247 0
1493804415274999 0
1493804415948863 0
1493804416623065 0
1493804417297590 0
1493804417971005 0
1493804418644819 0
1493804419318958 0
1493804419992861 0
1493804420666614 0
1493804421343358 0
1493804422014634 0
1493804422688836 0
1493804423362713 0
1493804424036830 0
1493804424715064 0
1493804425394679 0
1493804426068864 0
1493804426742699 0
1493804427434370 0
1493804428110827 0
1493804428786637 0
1493804429458803 0
1493804430132592 0
1493804430806826 0
1493804431483065 0
1493804432164950 0
1493804432838457 0
1493804433512720 0
1493804434186464 0
1493804434862351 0
1493804435538694 0
1493804436208366 0
1493804436882471 0
1493804437556878 0
1493804438231573 0
1493804438904679 0
1493804439578471 0
1493804440252342 0
1493804440926666 0
1493804441600257 0
1493804442274123 0
1493804442948331 0
1493804443622121 0
1493804444296253 0
1493804444970094 0
1493804445652528 0
1493804446328365 0
1493804447002222 0
1493804447681210 0
1493804448360012 0
1493804449034206 0
1493804449708022 0
1493804450384393 0
1493804451059296 0
1493804451740125 0
1493804452413888 0
1493804453088117 0
1493804453761887 0
1493804454436127 0
1493804455109880 0
1493804455784098 0
1493804456457868 0
1493804457131838 0
1493804457805901 0
1493804458479721 0
1493804459153869 0
1493804459838570 0
1493804460515065 0
1493804461186982 0
1493804461859796 0
1493804462534474 0
1493804463207719 0
1493804463881623 0
1493804464555715 0
1493804465234141 0
1493804465913617 0
1493804466597726 0
1493804467271881 0
1493804467945822 0
1493804468625091 0
1493804469305795 1
1493804469980178 3
1493804470651575 5
1493804471325749 6
1493804472000072 7
1493804472673485 7
1493804473350649 8
1493804474031622 8
1493804474705845 7
1493804475379599 6
1493804476060379 6
1493804476744085 7
1493804477426694 7
1493804478107329 8
1493804478780389 8
1493804479453617 10
1493804480127808 11
1493804480803024 12
1493804481475395 13
1493804482151554 15
1493804482823465 16
1493804483497244 17
1493804484179291 17
1493804484862309 18
1493804485529864 20
1493804486203120 21
1493804486881203 22
1493804487551107 23
1493804488225265 23
1493804488899098 25
1493804489581627 25
1493804490257310 25
1493804490931186 25
1493804491605030 25
1493804492283062 25
1493804492963378 25
1493804493637096 25
1493804494321122 25
1493804495005144 25
1493804495689225 25
1493804496364350 25
1493804497037234 25
1493804497712075 25
1493804498385232 26
1493804499059551 26
1493804499735080 26
1493804500415054 26
1493804501091106 26
1493804501764912 26
1493804502439091 26
1493804503112981 26
1493804503787096 26
1493804504471140 26
1493804505154901 26
1493804505829023 26
1493804506502942 26
1493804507178583 26
1493804507861097 26
1493804508534978 25
1493804509209097 25
1493804509882892 25
1493804510556720 25
1493804511230882 25
1493804511915876 25
1493804512599020 25
1493804513272886 25
1493804513947091 25
1493804514620862 25
1493804515294680 25
1493804515968899 25
1493804516642723 25
1493804517327470 25
1493804518000895 25
1493804518674861 25
1493804519348899 25
1493804520022889 25
1493804520696878 25
1493804521370752 25
1493804522044591 25
1493804522718758 25
1493804523392569 25
1493804524069422 25
1493804524740603 25
1493804525416799 23
1493804526088473 23
1493804526762359 23
1493804527436481 23
1493804528115028 23
1493804528802501 23
1493804529478519 23
1493804530156267 23
1493804530837789 23
1493804531520482 22
1493804532194624 22
1493804532868397 22
1493804533545561 22
1493804534230501 22
1493804534910407 22
1493804535586963 22
1493804536258349 22
1493804536937145 22
1493804537619737 22
1493804538290405 21
1493804538964606 21
1493804539642357 21
1493804540322504 21
1493804540996282 21
1493804541670511 21
1493804542344281 21
1493804543018509 21
1493804543692282 21
1493804544366480 21
1493804545043139 21
1493804545724373 21
1493804546398535 21
1493804547088749 21
1493804547771064 21
1493804548450353 21
1493804549124500 20
1493804549798399 20
1493804550482399 20
1493804551166621 20
1493804551840273 20
1493804552515145 20
1493804553188351 20
1493804553863072 20
1493804554536325 20
1493804555211365 20
1493804555897878 20
1493804556578285 21
1493804557256038 21
1493804557937250 21
1493804558620576 21
1493804559294411 21
1493804559972784 21
1493804560654807 21
1493804561326399 21
1493804562002889 21
1493804562674136 21
1493804563358487 22
1493804564032363 22
1493804564706518 22
1493804565380280 22
1493804566055091 22
1493804566728294 22
1493804567402117 22
1493804568076304 22
1493804568750136 22
1493804569423904 22
1493804570098118 22
1493804570771893 22
1493804571446131 22
1493804572119888 22
1493804572795640 22
1493804573467916 22
1493804574141871 22
1493804574823067 22
1493804575500830 22
1493804576173868 22
1493804576848368 22
1493804577535066 23
1493804578216117 23
1493804578889910 23
1493804579564138 23
1493804580237899 23
1493804580912046 23
1493804581585917 23
1493804582259766 23
1493804582933535 23
1493804583607722 23
1493804584289444 23
1493804584965659 23
1493804585640406 23
1493804586313656 23
1493804586990417 23
1493804587661656 23
1493804588338531 23
1493804589023114 23
1493804589703909 23
1493804590387614 23
1493804591077949 25
1493804591755910 25
1493804592429934 25
1493804593114016 25
1493804593787864 25
1493804594462617 25
1493804595135883 25
1493804595809628 25
1493804596491593 25
1493804597167858 23
1493804597841667 23
1493804598515863 23
1493804599189743 23
1493804599863498 23
1493804600537679 23
1493804601211522 22
1493804601885657 22
1493804602559725 22
1493804603233282 22
1493804603910237 22
1493804604581664 21
1493804605255412 21
1493804605929297 21
1493804606603416 21
1493804607278554 21
1493804607951498 21
1493804608626197 21
1493804609299156 21
1493804609973250 21
1493804610647894 21
1493804611321251 21
1493804611995045 21
1493804612669264 21
1493804613343043 21
1493804614017329 22
1493804614694347 22
1493804615384606 22
1493804616059160 22
1493804616733000 22
1493804617409904 22
1493804618081008 22
1493804618755680 22
1493804619428982 22
1493804620113038 22
1493804620786913 22
1493804621461047 22
1493804622135837 22
1493804622809044 22
1493804623482985 22
1493804624156668 22
1493804624830864 22
1493804625505502 23
1493804626178884 23
1493804626854465 23
1493804627527754 23
1493804628209623 23
1493804628884869 23
1493804629558566 23
1493804630232749 23
1493804630906618 23
1493804631580754 23
1493804632258720 23
1493804632938641 23
1493804633613875 23
1493804634286619 23
1493804634960742 23
1493804635634635 25
1493804636308420 25
1493804636982556 25
1493804637656381 25
1493804638330547 25
1493804639004380 25
1493804639678538 23
1493804640352424 23
1493804641026537 23
1493804641700509 22
1493804642374556 22
1493804643048378 22
1493804643722180 22
1493804644396415 21
1493804645075068 21
1493804645754257 21
1493804646428889 21
1493804647102256 20
1493804647776046 20
1493804648454820 20
1493804649135072 20
1493804649810029 20
1493804650482292 20
1493804651187841 20
1493804651870278 18
1493804652551301 18
1493804653230199 16
1493804653903115 15
1493804654576429 13
1493804655250299 11
1493804655924425 10
1493804656602166 8
1493804657283170 7
1493804657966377 6
1493804658640294 5
1493804659314390 5
1493804659988286 3
1493804660662396 2
1493804661351280 1
1493804662034133 0
1493804662714250 0
1493804663390046 0
1493804664072159 0
1493804664746532 0
1493804665420137 0
1493804666094265 0
1493804666771916 0
1493804667459091 0
1493804668154714 0
1493804668830178 0
1493804669504385 0
1493804670180101 0
1493804670852412 0
1493804671526176 0
1493804672200392 0
1493804672874249 0
1493804673548031 0
1493804674222483 0
1493804674896114 0
1493804675571064 0
1493804676243967 0
1493804676975961 0
1493804677652391 0
1493804678326260 0
1493804679000415 0
1493804679684508 0
1493804680368528 0
1493804681042401 0
1493804681717565 0
1493804682390313 0
1493804683067676 0
1493804683738347 0
1493804684412141 0
1493804685086307 0
1493804685760224 0
1493804686434392 0
1493804687108235 0
1493804687782040 0
1493804688464685 0
1493804689140199 0
1493804689814058 0
1493804690488172 0
1493804691162010 0
1493804691835887 0
1493804692510023 0
1493804693183875 0
1493804693858017 0
1493804694535118 0
1493804695206034 0
1493804695886600 0
1493804696564263 0
1493804697238056 0
1493804697912057 0
1493804698586059 0
1493804699259886 0
1493804699943913 0
1493804700617805 0
1493804701292136 0
1493804701965760 0
1493804702647146 0
1493804703324733 0
1493804703997885 0
1493804704671634 0
1493804705355063 0
1493804706031802 0
1493804706713975 0
1493804707387788 0
1493804708071063 0
1493804708746252 0
1493804709429691 0
1493804710124046 0
1493804710797887 0
1493804711472011 0
1493804712145895 0
1493804712819671 0
1493804713493932 0
1493804714171062 0
1493804714851773 0
1493804715544040 0
1493804716219889 0
1493804716894022 0
1493804717578257 0
1493804718263078 0
1493804718936049 0
1493804719609774 0
1493804720290488 0
1493804720970154 0
1493804721641862 0
1493804722317313 0
1493804723000163 0
1493804723673937 0
1493804724347781 0
1493804725021959 0
1493804725698634 0
1493804726379780 0
1493804727065211 0
1493804727741879 0
1493804728421884 0
1493804729096687 0
1493804729769749 0
1493804730453964 0
1493804731128010 0
1493804731801796 0
1493804732485888 0
1493804733162262 0
1493804733836199 0
1493804734517939 0
1493804735194181 0
1493804735865919 0
1493804736540557 0
1493804737214664 0
1493804737887756 0
1493804738562243 0
1493804739235779 0
1493804739910105 0
1493804740585415 0
1493804741267913 0
1493804741941648 0
1493804742615909 0
1493804743289561 0
1493804743963475 0
1493804744639003 0
1493804745311441 0
1493804745988324 0
1493804746675542 0
1493804747353773 0
1493804748027566 0
1493804748701687 0
1493804749375550 0
1493804750049317 0
1493804750723527 0
1493804751397317 0
1493804752071181 0
1493804752755566 0
1493804753433238 0
1493804754113441 0
1493804754787322 0
1493804755489212 0
1493804756165660 0
1493804756839524 0
1493804757513641 0
1493804758187547 0
1493804758861298 0
1493804759535538 0
1493804760209612 0
1493804760883443 0
1493804761566771 0
1493804762244863 0
1493804762925423 0
1493804763601803 0
1493804764283316 0
1493804764961334 0
1493804765643181 0
1493804766315382 0
1493804766989264 0
1493804767664005 0
1493804768337153 0
1493804769011392 0
1493804769686255 0
1493804770361394 0
1493804771043430 0
1493804771730291 0
1493804772411195 1
1493804773088514 2
1493804773759277 5
1493804774433417 7
1493804775107175 7
1493804775783927 8
1493804776466802 8
1493804777149942 8
1493804777823308 8
1493804778497154 10
1493804779171286 10
1493804779845161 10
1493804780519294 8
1493804781194932 8
1493804781878294 8
1493804782561270 7
1493804783235075 7
1493804783909283 7
1493804784583640 7
1493804785264190 7
1493804785945913 8
1493804786625062 8
1493804787311707 8
1493804787983321 10
1493804788657074 10
1493804789332691 10
1493804790015319 10
1493804790695095 10
1493804791375665 10
1493804792047078 10
1493804792745850 10
1493804793425435 10
1493804794109557 10
1493804794783327 10
1493804795460434 10
1493804796148060 10
1493804796825259 10
